MY_PRIVATE_KEY = 302e020100300506032b6570042204206dd952b57027823237250240325ad8da55b2c203abdf1c30b613d5a3fd31e4bc
MY_ACCOUNT_ID = 0.0.4007201

// ALICE
ALICE_PRIVATE_KEY=302e020100300506032b6570042204206dd952b57027823237250240325ad8da55b2c203abdf1c30b613d5a3fd31e4bc
ALICE_ACCOUNT_ID=0.0.4007201

// BOB
BOB_PRIVATE_KEY=302e020100300506032b65700422042059b16e8039f5d396116f1e822b80a4f46495f92377be3f0032a739de7d195d71
BOB_ACCOUNT_ID=0.0.4007260-tatfe